[grah]
01 52.webp 1500 2000 
02 45.webp 1500 2000 
03 46.webp 1500 2000 
04 50.webp 1500 2000 
05 59.webp 1500 2000 
06 44.webp 1500 2000 
07 49.webp 1500 2000 
08 54.webp 1500 2000 
09 57.webp 1500 2000 
10 48.webp 1500 2000 
[faro]
01 26.webp 1500 2000 
02 25.webp 1500 2000 
03 27.webp 1500 2000 
04 30.webp 1500 2000 
05 28.webp 1500 2000 
06 36.webp 1500 2000 
07 35.webp 1500 2000 
08 31.webp 1500 2000 
09 33.webp 1500 2000 
10 41.webp 1500 2000 
[gabz]
01 13.jpg 1500 2000 
02 14.jpg 1500 2000 
03 15.jpg 1500 2000 
04 16.jpg 1500 2000 
05 17.jpg 1500 2000 
06 18.jpg 1500 2000 
07 19.jpg 1500 2000 
08 21.jpg 1500 2000 
09 22.jpg 1500 2000 
10 23.jpg 1500 2000 
